<?xml version="1.0"?>
<opencv_storage>
<calibration_time>"02/07/17 11:53:29"</calibration_time>
<image_width>640</image_width>
<image_height>480</image_height>
<board_width>11</board_width>
<board_height>7</board_height>
<square_size>30.</square_size>
<!-- flags: -->
<flags>6144</flags>
<camera_matrix type_id="opencv-matrix">
  <rows>3</rows>
  <cols>3</cols>
  <dt>d</dt>
  <data>
    2.3014909601968728e+002 0. 3.0549347953797371e+002 0.
    2.2738104097153655e+002 2.4935023305477222e+002 0. 0. 1.</data></camera_matrix>
<distortion_coefficients type_id="opencv-matrix">
  <rows>5</rows>
  <cols>1</cols>
  <dt>d</dt>
  <data>
    -1.5438598888106342e-001 6.8881261250963291e-002
    1.4619131747519261e-002 -3.9131494274681237e-003
    -2.5421484119668658e-002</data></distortion_coefficients>
<extrinsic_parameters type_id="opencv-matrix">
  <rows>5</rows>
  <cols>6</cols>
  <dt>d</dt>
  <data>
    2.0978233005140638e+000 2.1424964809570026e+000
    -1.9029454185566197e-001 -1.4579332309008157e+002
    6.2730669437955697e+001 4.9749404251144136e+002
    1.9416891709599118e+000 2.1222809614743419e+000
    -3.3932015240397828e-001 -1.8374234213684571e+002
    3.9811087061545891e+001 3.9550258349995835e+002
    1.8410860841782866e+000 1.8704645675530096e+000
    -5.8151020739249071e-001 -1.4364180960428163e+002
    4.4820965472019047e+001 3.4018406376440618e+002
    1.6831143123291232e+000 -1.8363956721393371e+000
    -1.0506230391058691e-001 1.6496609698195903e+002
    2.2360268864068016e+002 2.6484084526206402e+002
    1.6843039986636641e+000 1.8649623184209716e+000
    1.6783582306694768e-003 -9.5083344447189106e+001
    6.4187957762212321e+001 3.4337004726890439e+002</data></extrinsic_parameters>
</opencv_storage>
