<?xml version="1.0"?>
<opencv_storage>
<calibration_time>"01/23/18 15:21:43"</calibration_time>
<image_width>640</image_width>
<image_height>480</image_height>
<board_width>11</board_width>
<board_height>7</board_height>
<square_size>3.3333332061767578e+001</square_size>
<!-- flags: -->
<flags>6144</flags>
<camera_matrix type_id="opencv-matrix">
  <rows>3</rows>
  <cols>3</cols>
  <dt>d</dt>
  <data>
    5.9827845271890465e+002 0. 3.0008031938593302e+002 0.
    5.9585443280179732e+002 2.3336250110612741e+002 0. 0. 1.</data></camera_matrix>
<distortion_coefficients type_id="opencv-matrix">
  <rows>5</rows>
  <cols>1</cols>
  <dt>d</dt>
  <data>
    -4.0110001513947044e-002 -1.3800360204995399e-001
    -5.8003666216974994e-004 -2.5307527307320628e-003
    5.4649323577505438e-001</data></distortion_coefficients>
<extrinsic_parameters type_id="opencv-matrix">
  <rows>5</rows>
  <cols>6</cols>
  <dt>d</dt>
  <data>
    2.1710863906107876e+000 2.1426545442070668e+000
    -7.1118867240817507e-002 -1.5321954742951880e+002
    -1.4481794451838871e+002 5.2278097828640057e+002
    -2.0678385646844313e+000 -2.2758767780902409e+000
    2.8911428653512283e-001 -1.0575460400097712e+002
    -9.0063824180282950e+001 5.5612146461121176e+002
    1.9613526859500059e+000 2.1970413182849149e+000
    2.0107277746071214e-001 -2.0858932328568483e+002
    -7.0967331378962612e+001 5.4425477584983980e+002
    2.0171876327268548e+000 2.0419958902247419e+000
    -3.0929250953843451e-001 -1.6343536136983340e+002
    -6.5087261720302649e+001 5.8508267204750621e+002
    -2.0455091704322150e+000 -2.0170160789026301e+000
    -2.1213391388286579e-001 -1.7743936035304330e+002
    -6.4411223935332956e+001 5.1273288899888428e+002</data></extrinsic_parameters>
</opencv_storage>
