<?xml version="1.0"?>
<opencv_storage>
<calibration_time>"11/29/17 14:49:09"</calibration_time>
<image_width>1600</image_width>
<image_height>1200</image_height>
<board_width>12</board_width>
<board_height>12</board_height>
<square_size>100.</square_size>
<!-- flags: -->
<flags>6144</flags>
<camera_matrix type_id="opencv-matrix">
  <rows>3</rows>
  <cols>3</cols>
  <dt>d</dt>
  <data>
    1.7812659473416786e+003 0. 7.9903889922374208e+002 0.
    1.7779026146168633e+003 6.5955672926025841e+002 0. 0. 1.</data></camera_matrix>
<distortion_coefficients type_id="opencv-matrix">
  <rows>5</rows>
  <cols>1</cols>
  <dt>d</dt>
  <data>
    6.5437252597197001e-002 3.0003218419013178e-001
    1.1473395256043869e-002 -5.8981652274635874e-003
    -4.9043806913776198e+000</data></distortion_coefficients>
<extrinsic_parameters type_id="opencv-matrix">
  <rows>5</rows>
  <cols>6</cols>
  <dt>d</dt>
  <data>
    -2.2976843957717743e+000 -1.7706974676821798e+000
    -9.5575568282080192e-001 -8.8441420601378957e+002
    -4.6908922098016490e+002 3.8989792559268813e+003
    -1.9919707107139650e+000 -1.8552900954741589e+000
    -2.9494355021024249e-001 -3.7344950854349185e+002
    -6.8922437681935389e+002 5.1514925735526722e+003
    -1.7557501802228708e+000 -1.7017425793330696e+000
    -5.1629813999880525e-001 -6.5738573237248215e+002
    -1.4360369494192449e+002 2.7502893939355795e+003
    -1.2244348078594507e+000 -1.9621731693119637e+000
    3.6034401327263132e-001 -8.8745961314412767e+001
    -1.0582177642891982e+003 4.6484637946448838e+003
    -2.0282514278143853e+000 -2.0297911799124333e+000
    -2.7788319018673169e-001 -7.2765145435332772e+002
    -7.8728233023749101e+002 7.3630335764366728e+003</data></extrinsic_parameters>
</opencv_storage>
